-1.578434415415383762e+00
2.835780050566067967e-01
-3.478716278796735173e-01
-8.586738584099851135e-02
4.570676925240209076e-01
-1.427844428562756174e-01
2.669858916033500673e-01
-1.309948422094332765e-01
-1.108478419295495648e-01
-1.720056915438873180e+00
-2.683635805687433429e+00
1.894419302505126135e+00
-4.840008351101702799e-01
-6.306817370439642412e-01
5.651520671466733203e-01
1.193299210701788793e+00
-1.576881967287641739e+00
1.613766193508023639e+00
-9.251420929880783683e-01
-1.077919110318729334e+00
3.252779708779867662e-01
1.254575590473770985e+00
-1.092043328868527841e+00
-9.791412078855213919e-01
6.119460939412115774e-01
-1.164112600542396070e+00
-1.620276501164075733e-01
-3.320768276197726965e-01
-1.670015697286273859e+00
5.232328437232777185e-01
9.632737617598630120e-01
-1.546356950282682163e+00
-1.994985252732964121e+00
-1.109406823420435728e+00
1.698428828787427736e-01
5.305385301991576152e-02
-1.270001253313578493e+00
9.019896119443789884e-01
-1.159107225898587529e-01
5.464356076947992635e-01
-1.536544363446755435e-01
3.085819542652655567e+00
1.928387472918799972e-01
4.596670736145982983e-01
-1.134332913793436370e+00
-2.389624737570301138e-01
4.156116755803972995e-01
7.846656157937277332e-01
7.268555214879774962e-01
-7.228799968213396321e-01
5.333079049471476374e-01
1.119349581483271849e-01
1.256589536346247149e+00
-1.855408049644966806e-01
-1.224435163467521681e+00
-1.141812364840320421e-01
-8.650980893743707156e-01
-2.698193975430589475e-01
1.136040322990891527e+00
-1.182998282518249594e-01
1.743387189317486818e+00
3.036263504233475685e-01
3.052715527319189159e-01
-1.040939519438347949e+00
1.183757751182605705e-01
-8.756369155307320851e-01
-7.238680034521017825e-01
4.779960354513660969e-01
-1.117935048395693132e+00
-2.223112715833048814e+00
1.565218321326342643e+00
-5.424760628181197752e-01
-1.626592691820872183e+00
-2.392513683159010363e+00
5.212929319147621143e-01
6.754123005899944632e-01
7.190043330296301723e-03
-5.014808775932260154e-01
-1.439835737614926670e+00
4.087419889740883661e-01
-8.695542020926899651e-01
-1.679290068071660202e-01
2.072110277126213429e+00
6.559913029375015192e-01
1.143935423245255434e+00
-8.964298993998923715e-01
-1.723929604263587934e-01
9.502364672512959576e-01
1.254514912304822927e+00
1.424652389393271656e+00
2.902672561748404489e-01
1.094318278961021740e+00
3.302946618973931492e-01
7.906946703987012270e-01
1.325795111075445787e+00
-8.180403569568757138e-01
-1.110465160563429837e-01
3.587658115870800413e-01
7.856640855325682793e-01
-1.872880772116407133e+00
-1.792308992710921256e+00
2.004529680790401724e-01
-2.055644119071160514e-01
-9.520325172050718709e-01
-2.821364928193804689e-01
6.651126231517432430e-01
3.170491072450654646e-01
7.492520130816540114e-01
-1.596115578518491063e+00
1.071094463570400279e+00
-5.489358498875173131e-01
-1.415490965369999021e-01
1.033822738491780635e+00
-1.619436714499718821e+00
-8.872958051737376284e-01
2.990671407762172662e-01
-8.560814329651629528e-02
-1.588282460682963082e+00
-7.026456554720278413e-01
-5.097132545085205635e-01
1.174188291378633481e-01
1.064007757041959268e+00
-1.629698823497806703e+00
-1.255922321955113830e-01
-9.001746964807175733e-01
2.424065860784702653e-01
4.951644172729560145e-01
7.013303508461882219e-01
-3.018312389103177673e-01
1.401127968416709946e+00
-1.994880117755089222e+00
-2.424027864889453585e-02
1.376703281297757542e-01
-4.172760319976193122e-01
1.396454617894597572e+00
1.784035750756330085e-01
2.042615296006694336e+00
-8.157317269680113281e-01
7.386421872432312741e-01
-3.327777399857364399e-02
5.807411590449197414e-01
-6.026480427328850809e-02
9.963283087562906370e-01
6.815318727615875538e-01
-6.202783358910455291e-01
1.731313777285109490e-01
-2.023494566611992340e+00
-1.152143511092198480e-01
-5.881327917793348348e-02
1.220754421377387544e+00
4.957066476245017284e-01
-1.012017825312938157e+00
8.651085455688489745e-01
8.552259979485089536e-01
-1.000149379094499080e+00
1.778185614943017523e-01
1.120804745066478203e+00
2.482748352285494009e-01
1.375086638246562964e+00
3.189878945059212434e-01
1.541676412478927727e+00
-1.962507892532951714e-01
7.814745791050375923e-01
7.978669485824518848e-01
1.298115106069323010e+00
-2.923552102250239204e-01
7.010532082754380445e-01
9.353675077182256326e-01
1.354926503746649580e+00
-1.279396571810635042e+00
1.121853334373047462e+00
-1.678602081378803179e+00
8.280455011048315495e-01
3.983384502263416505e-02
-1.457434300046532183e+00
4.702762549437132789e-01
-2.640867357665181436e-01
6.331785663566935618e-01
1.240369121688889242e+00
4.204062784538661890e-01
1.004136307906137449e-01
7.960704639913639413e-01
2.273859772378985789e-01
-1.522709359863749778e-01
4.002255780758829373e-01
3.853589722198508261e-01
-7.449685636204116390e-01
2.256563176393542314e+00
3.466595076560650690e-01
8.734503971424746327e-01
-3.349142971025276250e-01
1.387245041201666806e-01
1.088166272302980131e+00
2.646558654171652369e-01
-7.872102597435728377e-01
-3.736197473214529774e-01
8.544332551526201414e-02
3.849735217538721166e-01
-2.953363867750813943e-01
-2.722819537982696936e-01
1.041582914003998800e-01
1.024829358711007166e-01
1.406288080478256930e+00
-5.733053748815064576e-01
8.263814233184290092e-01
7.314374270403891654e-01
1.622577685211298970e+00
1.085320649289004180e+00
1.257957619354562961e+00
1.366194098325508532e+00
1.917095594197273156e+00
-1.670673288492761310e+00
4.392920425800868056e-01
-8.311281947055794150e-01
1.712772234002934324e+00
5.525062813616513635e-01
-2.265095699246245875e+00
6.214586185994867007e-01
6.934117668227312015e-01
3.191409579303967625e-01
3.788492827649680202e-03
9.638800827994320128e-03
-8.571485012717826590e-01
1.195707655335833536e-01
-7.835515556939068871e-01
-1.166496340759584499e-01
9.703408210876504070e-01
1.441378213665968078e+00
5.253781471796187263e-01
1.139205241219366727e+00
7.322836902696553407e-01
1.329065926572103651e+00
-2.725630844180834678e-01
-5.835497063308704435e-01
1.138645091262215359e-01
-2.781504633153948358e-01
-5.861660582780193751e-01
1.157079521511461317e+00
6.767455431552110712e-01
7.914402558358889506e-01
1.124702127797422513e+00
1.080932341315689049e+00
5.025573788042717593e-01
-7.103449357906937989e-02
1.745885449513685961e+00
-1.190780721756113492e+00
-9.591699795170678389e-01
-2.679691603865546820e-02
-4.867524623062922662e-01
5.226264582035633488e-01
-2.127201044376289818e-01
-1.226049126858700156e+00
-2.780746294574956146e-01
-8.402137937116059552e-02
6.402792409134037133e-01
-1.749582653541346400e-01
7.021743284631438708e-01
6.379437218560385370e-01
-5.450344752127438408e-01
1.585405389913962515e-01
1.436021424810653979e+00
-1.712474223513046789e+00
-4.945174183865966994e-02
2.027166847854468656e+00
1.974082683102665672e-02
1.057433225617562594e-03
-1.659423347248566438e-01
5.135869586776021789e-01
-3.112846565645839281e-01
1.198398687608145829e+00
-2.034572016073704914e-01
6.684252051679698825e-01
-8.477091112127355110e-01
1.063085166124208447e+00
7.759011477396691170e-01
8.080643803636983202e-01
5.980608718626857084e-02
-3.599931182731969798e-02
-3.068758273533653616e-02
1.146323036640064075e+00
1.426426375317393136e+00
4.765981596004658094e-01
-5.849127915475621498e-01
-4.967141034470444749e-01
-4.422112431923187481e-01
9.416264428438918532e-01
-3.730067132299770827e-01
2.149126990240002033e-01
-1.247391950646687064e+00
-7.062305233159136275e-01
-2.242399337710067886e-01
-3.393312354537656450e-01
6.109759329904953518e-01
-1.217198072891116256e+00
1.915347117642488550e-01
-1.401143866703542296e+00
-1.646650337410552334e+00
-3.228895931364928473e-01
-8.532400327878595370e-01
1.032696954744681817e+00
4.335660553974732823e-01
7.524211398870250811e-01
6.605983243925070969e-01
5.041940829008406677e-01
-3.760243184744305744e-01
-1.235185231210973678e+00
-3.749900476106780567e-01
-5.235763059268396802e-01
2.236659774158752612e+00
9.845634904389587438e-01
-1.475367762297693952e+00
1.215610496202341184e-01
-2.629989432032739938e-01
8.331038973626697652e-02
-5.893467424977927305e-01
9.942383070947996559e-01
4.220228985574547287e-01
1.013531432849211322e+00
3.399546150354644525e-02
-1.102986323161317256e-01
-6.331677576317312761e-01
8.592000720916653789e-01
-2.838521606550165402e-02
-2.348193717487883359e-01
7.166033995226513964e-01
-8.665002724659534028e-01
2.086642247385559923e+00
5.064838826341054867e-01
7.639230012481801335e-01
4.304476856302681953e-01
-1.729079352119648194e-01
-1.446939050544348238e+00
5.220899309189422910e-01
2.896650950091668106e-02
-1.191139200322000269e+00
3.758788158348413400e-01
-1.502070624937058563e+00
7.475116756243120886e-01
-1.052469478435194672e+00
1.268709882586812165e+00
3.866204423441036431e-01
4.143240336537099555e-01
3.751668809039910846e-01
1.616756620727894278e+00
2.938256120538177418e-01
1.342451605447942953e-01
-6.158008335421404356e-01
5.087203469759212782e-01
5.817034715544281420e-01
-7.567799220253766945e-01
3.657036929962040328e-01
4.875700913677475379e-01
-1.188435715821988481e+00
-1.193036666140326441e+00
8.696415828728953912e-01
2.588115691327757539e-01
-1.022032474430414117e+00
5.529127515491722988e-01
-4.435159257067678995e-01
3.253842844570346005e-01
4.581792484282095623e-01
-1.756497509964140891e+00
-1.572449175297901958e+00
3.718347273644656004e-01
-1.551502851489559853e-01
-5.063841043248691332e-01
1.123047594167299046e+00
-1.794280284160717054e+00
3.808960054125027916e-01
1.214244029278215953e+00
2.536467392994418146e-01
-8.813990062465306696e-01
1.341202422552612017e+00
3.880665186886099183e-01
8.431427444165147111e-01
5.575840334755155503e-01
1.238227276928179243e+00
-4.790806035736607238e-01
-4.711277861849921256e-01
7.147678700000567042e-01
1.320751140206581464e+00
-1.323497340745207307e+00
-2.885972061846678871e-01
-3.820075955346976526e-01
9.706322315731541472e-01
1.233273423919288403e+00
2.241507561202608079e-01
-4.020616707591621597e-01
-1.449163214150023915e+00
-1.367053388493053134e+00
-7.615465958839705563e-01
5.594761812810915558e-01
2.893959268347165992e-01
1.741102965030810745e+00
2.478703239825889248e+00
1.037215614886244641e-01
4.997489626592282325e-02
-1.286527033253522578e+00
2.140880058317222723e+00
1.566513068532612851e-01
7.577496296836199186e-01
-2.482861197173064915e-01
-6.957436082275701983e-01
8.841061332701743991e-01
-6.217869787056210518e-01
-1.617165913842954161e+00
7.470853917537486621e-01
-1.269077470129678975e+00
-5.131469399440693469e-01
7.911511232311031760e-02
-5.552680755045700245e-01
1.142856664289161106e+00
-5.940827086236711435e-02
-1.563410116825879825e+00
9.063947195134684776e-02
-1.454958956635298728e+00
-1.132493457882092658e+00
6.525280029201671050e-01
2.805246524996878321e-01
7.678584649424037567e-02
-2.777091880058054074e-01
-7.875963140305335120e-02
4.450863909995143586e-01
2.058520923419858151e-01
4.958363002856067125e-01
2.823157444665046256e+00
-3.634586372390461329e-03
1.178010243213349018e+00
-5.924092250381586267e-01
-1.986113011216919189e+00
1.028350435622943371e-02
-1.234933078336966361e-01
2.840091756513298815e-01
3.213133423891760820e-01
-6.408406808995471549e-01
1.850580237592731603e-01
3.166269114493208692e-01
-1.808536380090888795e-01
9.473939472633979841e-01
3.106946267853525345e-01
4.074891656133232398e-02
7.146543124545742254e-01
-7.636654660921408100e-01
5.833286577247385196e-01
1.787777933188001933e+00
-9.121549302292318862e-01
1.257705764754620814e+00
4.171751235356320753e-01
-7.331809713700142561e-01
2.651639067571392450e-01
1.810401143690487880e+00
-8.151992970039932951e-01
-1.663966087167890961e+00
-1.318686639572353103e+00
-7.346541322456863199e-01
-1.009071532397987969e+00
4.171100283040556356e-01
-9.040802181207771016e-01
-4.208658445344472532e-01
-5.484395595854438810e-01
-1.852248132450180496e+00
-6.318867911624779232e-01
-1.182977358375303378e+00
1.184025733395606267e-01
6.423772496202717619e-02
7.378041065374796315e-01
3.120259070329958750e-01
1.578480503359826814e+00
3.035462356283310514e-01
1.530697347528877428e+00
-8.171243353304532553e-01
2.451376709671571952e+00
1.032686135765452928e-01
-1.483575396775773658e+00
1.654123841536970119e+00
-2.336142247565291985e+00
-2.272658430137776797e+00
-4.707330061083555006e-01
-8.260622862000891464e-01
-1.316828072286103879e+00
1.382144271182602857e+00
-7.929176616204500760e-01
-2.844268838100512675e-01
2.542834040760055814e-01
2.011862428826592719e+00
7.002437201882553142e-01
-4.210779229275186247e-02
9.107871411805156248e-01
1.035066650156566181e+00
-2.382684773240044240e+00
1.101067050612431597e+00
6.309624877200624704e-01
7.619231616569736021e-01
-1.391412417030252424e+00
6.305695124913368588e-01
-1.258088345510616879e+00
-8.315108212758346440e-01
-1.191100746737631333e+00
1.276607290441219345e+00
-1.508030119599295671e-01
9.840222948005514780e-01
-2.349429320851434688e-01
-1.176144538846036092e+00
4.787026867036566213e-01
1.895656425153913860e+00
1.001954000789049726e+00
1.216845398416649404e+00
1.287829298914728859e+00
1.712450167996558137e-01
1.260246588704725834e+00
-8.267119746282026727e-01
1.192257229736069624e+00
1.077809422162936626e+00
3.076473089664401583e-01
-1.722954382003189511e-01
4.676058076166863531e-01
7.502096378234857088e-01
1.820184768170190592e+00
-4.130652329102605380e-01
2.065738706643238942e-01
-1.518661521330058273e+00
-7.023937431460117731e-01
-1.101794083746089337e+00
9.081020956288828883e-01
1.448063291026866040e+00
-6.019955871035128636e-01
7.152553592677057814e-01
-1.396156331798810823e+00
6.428216723007185163e-01
-6.386232446476538538e-01
4.323378881815951452e-02
1.070822636174951548e+00
-6.541911888290979915e-01
7.732580148383072505e-01
2.185804153198189492e-01
3.870401209023219269e-01
2.054895742002289971e+00
-8.355282398196914873e-01
1.375924369239503342e+00
1.064639406024190604e+00
1.126606510175462317e+00
-6.423744204269850044e-01
6.727293781314012122e-01
-4.057883984272695477e-01
-3.417266666937359143e-01
-5.664899656096924474e-01
-6.306166059280621239e-01
-3.372415897476559177e-02
8.680223374603697195e-01
1.554453729584827186e-02
2.894853056875182351e-01
-3.670151916855738938e-01
1.001412233566929266e-01
8.604004234185342881e-01
-7.158799081216594695e-01
-4.679563509632898577e-01
9.614583548951686209e-01
-1.841484349606195448e+00
-2.767981479715124316e+00
1.546857026941964586e-01
-6.107446872556631101e-01
2.212634206052468411e-01
-6.258464296181130981e-01
1.315527490522127252e+00
-1.295214065504781686e+00
7.264195535365476353e-01
2.752979497985701407e-01
1.891214236700409224e-01
-3.516349720860647565e-01
9.294506397624253680e-01
2.454880687881270784e+00
-1.269689586035214646e+00
-4.017873167581815230e-01
1.975653954340563567e+00
5.709049408137928383e-01
-3.877852614233550654e-01
6.990243226916832420e-01
1.814633391917851446e-01
1.341732350521398942e+00
1.095966537077885716e+00
6.544106395056435987e-01
-3.322881413122486527e-01
8.612744781719491316e-01
-4.536787405696213749e-01
-1.113823413029156661e+00
5.611656152085185978e-01
2.207148733507836802e+00
-4.026034817606554128e-01
-4.601072245864631927e-01
-1.002657868360006477e+00
-1.358586170342879762e-01
-1.545601342361376584e+00
-8.384433485627657001e-02
7.395783890372379377e-01
-1.501297483171069258e+00
1.134357447689296139e+00
-4.217652283311930650e-01
1.572451699251881330e+00
-9.249945098535173882e-01
-1.576401276179920929e-01
4.920913712772431170e-01
-4.793478331411476501e-01
1.506614593324850648e-01
1.268231567069098453e+00
-1.597544798748939121e-01
5.586523651048790062e-02
7.328940454690588968e-01
-3.072396731747334964e-01
1.013518678603366752e+00
-2.826908199798465193e-01
-1.271368394624325937e+00
5.193401927178435962e-01
4.624964195762197861e-01
1.198720026379018089e+00
5.425086593062837803e-01
-9.348103163328079501e-02
-3.151845157505893114e-01
5.658773833865565761e-01
-6.312149984365730271e-01
-1.024610382824423960e+00
-1.392150954490192216e-01
-5.490071084420689029e-01
-1.796090195418581725e+00
-1.554745069232063681e+00
-2.172755589319538494e+00
-1.193624567469495634e+00
-6.106945749840246851e-01
-2.024959731065992530e-01
1.914494458032840907e+00
1.974923426354333322e-01
4.970460828490226302e-01
4.484355951526622364e-01
-9.756807828010340966e-01
3.820213182799696572e-01
1.036239424726088210e+00
3.333220444665196958e-01
1.797251158316994224e-01
-1.564216142074304372e+00
-3.929174186745506003e-01
-7.395207889560526660e-01
4.129179477195438208e-01
-4.254888785050043309e-01
1.315361108980791061e+00
2.731138911320120100e-01
1.030425724736079296e+00
8.293455322902528737e-01
3.169824398680794797e+00
7.321033955881999233e-01
-7.529265940885009334e-01
-1.468949073380415138e+00
1.638957545691163975e-01
2.394806592760219122e+00
1.692264545424914557e+00
-6.210009364335573601e-01
8.580669204225586100e-01
6.705513382086102370e-01
-2.445917812667229296e-01
-1.091766434110612582e+00
4.078364818944937853e-02
4.002415472426755771e-01
3.469924590309457768e-01
5.833120362095661759e-01
-3.178294592058209300e+00
-1.351220972677828147e+00
1.224637720986750722e+00
5.141230681722652740e-01
-2.983410612495387623e-02
-3.008863483804813943e-01
-3.703786744640404360e-01
-8.571298366619167775e-01
1.086649319004292735e+00
-4.428096703559976088e-01
-7.096246888193474822e-01
2.458361296017113826e-02
5.022470838077015554e-01
1.845694459522099207e+00
-7.348384341248170859e-01
5.299839294641838228e-01
1.445148220757864310e+00
-1.074381679518459975e+00
-1.502130707728906334e+00
3.757766697323437488e-01
-2.196351546040205438e+00
-1.249780109887005664e-01
2.032204249111535799e-01
-2.871408069733051849e-01
1.301764016044494987e+00
8.679864317409181906e-02
-2.292760497963814981e+00
4.753615621272005987e-01
1.054363852222508058e+00
2.872860637113864857e-01
-5.766210959282674908e-01
2.666859304840977773e-01
5.200715782103841889e-01
6.279450340329553182e-01
-2.996555753109732545e-01
-7.668581021709014456e-01
-1.625879406993366028e-01
-4.470775638841856803e-01
9.014227735611077819e-01
1.685342888704587094e-01
2.755903859202679107e-01
-9.870309493174421744e-01
-1.152551110756363739e+00
2.988767170047027522e-01
2.392628115704396041e+00
-1.348280221008412827e+00
-7.376321412672208755e-01
1.908369811313936348e-01
-4.166784517762644469e-01
-8.047144613814762870e-01
-6.690036454740663219e-01
-1.868363455379730365e+00
-7.973190071673458279e-01
3.030874450147877722e-02
-6.111393483962871409e-01
-1.997144982537782387e-01
-4.051855447817472727e-02
2.924527584394687740e-01
-6.170945281728293930e-01
4.422581870698425455e-01
1.310575325777620925e+00
3.507957780299499340e-01
-2.759636997068221742e+00
8.264036867674461329e-01
-8.210817879375419404e-01
-1.934722967141341565e-01
-2.466574470423395227e-01
-8.844440366138579535e-01
-5.720961386875047516e-01
1.572001305224478340e+00
1.928940059306245125e+00
5.372636974200921678e-01
3.408121586707735795e-01
-2.753258882865279866e-01
1.731335140387015636e+00
-7.646517097823625209e-01
-5.971268949926094027e-01
4.624573684893403258e-01
-4.238387959844100994e-01
1.563647537555811651e+00
-1.939509160083888531e-02
1.364935033021400956e+00
-1.623898537203375125e-01
-2.912022652367885822e+00
-1.509882512812718014e+00
1.651157572270177898e+00
3.361688131106250754e-01
-1.770958018363351760e+00
3.558533948804814551e-01
-9.777654151166301766e-01
-9.900660433734158605e-01
2.111374353935668857e+00
6.957021472752594748e-01
1.026017410721422746e-01
-3.366498620322524449e-01
1.713063458955144558e+00
6.106447572923124900e-01
-1.464122647800132571e+00
-6.132361280329087228e-01
1.768776472998108140e-01
2.095104948009551132e-02
-6.092305213501167938e-01
-7.649025498847351889e-02
7.677720370725187315e-01
-1.139642668177816898e+00
-5.150621437943754266e-01
4.927096530663300222e-01
-5.281426886540372401e-01
-7.295369698687844684e-01
1.704779999964670667e+00
-4.765304504896636373e-02
1.500527061522731964e+00
5.581867179345930685e-01
-1.889568232287150984e+00
5.216230637539581716e-01
1.100546083423600718e+00
4.144625314972292390e-02
-6.817670633468290164e-01
3.316902524351077464e-01
-1.347994426717550986e+00
1.252653275262446408e+00
-4.336436391212995511e-01
1.385490476487122091e+00
6.150087902533279971e-01
9.537282202593532210e-01
-1.100559821299481045e-01
-6.009557311620824377e-02
6.816173851251196014e-01
2.407842083305615152e-02
-6.493333627832174049e-01
1.392198804841338067e+00
-1.508548898188682541e+00
2.963464024178081413e+00
-6.781935992464012131e-01
1.336089372631897865e+00
1.603743961143937025e+00
-1.306993713128218548e+00
-1.093880797345274880e+00
-1.150974072322744401e+00
2.033591096059291503e-01
-1.228191595653820745e+00
2.325969846894238371e-02
4.775710572444478164e-01
-1.029422438379775651e+00
6.823605955089778741e-01
1.201786579112633868e+00
1.441333323297232072e+00
-1.270431778023769942e+00
1.007269810745081928e+00
-7.607426520830322669e-01
8.897722378643671548e-02
5.764843475545134988e-01
-9.180249296447220431e-01
-1.675790062830611937e+00
4.713352963310376009e-01
-1.109988146663642428e-01
2.107499404211137684e+00
-1.878618878815927262e+00
-1.173507492840730748e+00
-7.822359523398967340e-01
6.122808613003922762e-01
5.859680888644667185e-01
-1.354155591716383222e+00
-1.082329282309387297e+00
5.184739244138572012e-01
-3.412447265746981206e-01
1.336980784775124054e+00
1.287626840994301247e+00
-1.210635354386097928e+00
-7.845241131620980246e-01
-4.407956037770788260e-01
2.856609764887571234e+00
5.009690094942108318e-02
-7.693940098358469093e-02
-4.633425012210907745e-01
7.405819855974122845e-01
-4.091649404192026496e-01
-6.481243342888860504e-01
-1.049958639223869561e+00
-4.293972792994247278e-01
-1.502537771843743819e+00
1.017532609769788765e+00
-1.579724827079334593e-01
1.609607636506797279e+00
1.581228038295405813e+00
4.088303065527126856e-01
6.688103889740402153e-01
1.005591623739287899e+00
1.505464156860740088e+00
-6.282753045410207626e-01
1.701008783055492704e-02
-1.573815675941400982e-01
8.409890913803234058e-01
-7.603241448519487689e-01
6.918100229146835201e-01
4.999308893368734075e-01
-4.209952094333565542e-01
-2.026974795750541514e+00
4.180488033408114035e-01
-1.121678904336362415e+00
-1.068845922024278972e+00
-8.237677617269871799e-01
3.257867971753962699e-01
-4.776285765852092413e-01
9.816882131991481186e-01
-1.420127046194399778e+00
1.308763664543795446e+00
-1.062152246990349713e+00
-1.863568989186605185e+00
1.925160081745475316e-01
-1.744920085330207815e+00
-1.145534975626588459e+00
-9.210633173430343712e-01
-1.460030716113474236e+00
-5.933262955514900794e-01
-1.217563505489891451e+00
-5.005762883405229235e-01
3.657114719806572323e-01
-4.836361600942407080e-01
4.195536992613555505e-01
7.573372057299054827e-01
-3.954436468776602043e-01
-7.181634517717419008e-01
-5.380345467231796297e-01
-1.620237434199421456e+00
1.038683785126151005e+00
1.034317005508675225e+00
9.422038787095224910e-01
1.831842045917362882e-01
-2.838906643682621023e-01
-4.910167806578213251e-02
4.000284686567653208e-02
1.255783330338085646e+00
1.866228936248044645e+00
7.207795705288372323e-01
1.050829067846697384e+00
1.114331258858531237e+00
-2.037854803447859187e+00
7.712633238187132090e-01
7.026399082573517862e-01
-2.808064679442800471e-01
9.440415985506190877e-01
5.888534486562712056e-01
-8.374208580684215919e-01
6.673619808016577615e-01
9.236167398883245172e-02
6.234602848636157102e-01
8.511065264306038047e-01
9.832390375683595085e-01
-1.635960792791676166e+00
1.124181636349508739e+00
-5.975507537413812242e-01
3.993437016773788706e-01
2.088866739606055623e-01
-1.376902743133480600e+00
7.064729022871821806e-01
1.950778572119484577e+00
-8.113530509777524546e-01
-1.102280921281098891e+00
8.167109860856703873e-01
-1.581704909665063719e-01
-1.203549769344363224e-01
-1.051434163674942468e+00
-6.013170569210534167e-01
-1.461021857189787942e+00
-8.272579164549349606e-01
1.485019806594325698e-01
1.156370173076673336e+00
-4.150430388012732452e-01
1.328627590984794216e+00
1.957796335868889903e+00
-6.431796744742983574e-01
2.521038046249058917e-01
1.714304967002459268e+00
-5.478633610593165448e-01
7.422265464082956621e-01
2.851239867405502837e-01
-1.021950405897894099e+00
-1.006734192116162774e+00
5.008336696497999174e-01
-3.626071549932905480e-01
2.411852304480989417e+00
5.372012556033204378e-01
-1.505291922386902348e+00
-1.162983449918641332e+00
1.153486916671162543e+00
-1.431043008131692496e+00
1.838873422470518104e+00
1.130287091403204602e+00
-6.046142828091959076e-02
8.314930451526680519e-03
7.292771352058299295e-01
1.274529226824913097e+00
2.696273350828320425e-01
1.375446563767954267e+00
-1.082440244201252622e+00
-1.444410169856117587e+00
1.626691278792005424e-01
2.133447315994040139e+00
-3.222278112462392263e-01
-6.142006749566193413e-01
-2.054196300976273426e-01
1.208046268982222893e+00
4.240554594293424184e-01
-1.683387246107397595e-01
-2.337095369650117258e-02
2.693946410592677587e+00
-3.914529420675389587e-02
-1.676682044131148519e+00
1.551818060080543571e+00
-9.352292068220617871e-01
-7.616675124909962902e-01
-1.421295265662155582e+00
1.231737186318451888e-01
1.689920081273930785e+00
2.687211697211085437e-01
2.305416515058058002e-01
-1.626772624034439785e+00
-6.731744938774820719e-01
-1.729001983469353965e+00
-5.782246906526100627e-01
1.295814584246625101e+00
-1.521422956139598659e+00
1.597254256802162820e+00
-8.987442595382735822e-02
-4.060076821686743886e-01
2.770795583463018796e-01
6.973656681025934834e-01
-4.799729783077745227e-01
-1.931048955125549693e-01
-1.167062504893449981e+00
1.417384580755165047e+00
1.134635519911586649e-01
1.205864188940764192e+00
1.635740079628445143e+00
3.906441633506479993e-01
9.668976631139244438e-01
-5.387790033277699980e-02
